ROI_ID,x,y,z
ROI000,37.2913,40.4346,4.87409
ROI001,43.9889,18.8063,22.7419
ROI002,-8.27964,26.9567,25.3695
ROI003,30.9714,-24.2751,2.44816
ROI004,1.63445,-75.7264,12.1626
ROI005,-6.43306,2.73335,44.9157
ROI006,-44.4493,15.5055,40.8352
ROI007,34.3957,-14.4569,49.1624
ROI008,49.1155,-11.091,1.23437
ROI009,-27.4174,-84.7964,5.19501
ROI010,-3.93495,-41.7463,47.1131
ROI011,-41.978,20.8974,26.0213
ROI012,43.7254,21.2682,0.00257492
ROI013,-40.201,-36.9868,33.3372
ROI014,-9.32361,-14.5303,12.8899
ROI015,10.9862,27.4745,23.0856
ROI016,25.9282,-53.849,6.53415
ROI017,8.67494,4.48392,62.4976
ROI018,-9.24439,-72.1025,10.7653
ROI019,31.9528,-74.0551,15.7167
ROI020,49.9966,-12.9504,16.928
ROI021,-39.7407,-65.811,18.9125
ROI022,-33.0441,35.4002,-2.81959
ROI023,-23.7047,2.62115,59.0625
ROI024,-0.711983,-16.4996,34.7715
ROI025,-22.2359,21.8164,55.6942
ROI026,48.8912,2.84318,25.5077
ROI027,36.6814,-42.5275,30.7592
ROI028,-34.7531,-25.8923,15.4906
ROI029,12.2653,-5.74225,5.46796
ROI030,-37.849,-50.0024,38.5774
ROI031,-50.6657,8.34221,0.193444
ROI032,-4.673,-62.513,26.1634
ROI033,-6.75529,52.192,7.1988
ROI034,7.20505,-17.5959,14.0356
ROI035,-0.493454,3.35864,32.054
ROI036,10.0273,-47.2233,2.68677
ROI037,-14.7517,-1.8438,4.26278
ROI038,23.6391,-26.369,52.922
ROI039,9.24348,45.8765,25.4359
ROI040,-2.95914,-46.9316,32.9785
ROI041,45.516,10.3226,38.9689
ROI042,0.83213,14.6535,17.8634
ROI043,-32.7646,-47.2266,9.86951
ROI044,-36.0543,-9.13796,51.2704
ROI045,30.6247,-53.1241,39.744
ROI046,-26.4895,-4.31379,-6.35066
ROI047,38.5426,8.002,-9.76682
ROI048,-25.0114,-27.4992,53.6502
ROI049,-9.09733,11.9895,62.2924
ROI050,-51.5304,-13.0055,17.0715
ROI051,22.1576,-36.6451,7.87715
ROI052,-0.566093,-15.7404,-0.901258
ROI053,-48.2783,10.7793,15.6518
ROI054,13.2479,29.5581,9.88243
ROI055,34.8902,-35.3027,44.0946
ROI056,34.3525,-67.2205,-2.26682
ROI057,-29.2004,-80.3829,19.1928
ROI058,8.03172,-1.13417,43.204
ROI059,-1.29933,-31.3165,40.3013
ROI060,-8.08816,39.8344,37.7084
ROI061,38.5193,26.2613,37.2534
ROI062,-40.7526,-38.044,-1.03639
ROI063,9.11086,-39.373,16.5082
ROI064,-35.9251,37.0761,19.2715
ROI065,47.9391,-28.9533,25.4008
ROI066,-3.43523,33.9153,9.82817
ROI067,14.7335,-16.1349,63.0897
ROI068,-4.57197,-79.2033,28.1373
ROI069,-32.314,11.002,47.0022
ROI070,-12.4913,-31.4197,19.921
ROI071,20.5984,-42.8225,51.8282
ROI072,25.8378,0.807899,56.5593
ROI073,32.1976,38.6687,25.3313
ROI074,-50.5026,-26.3892,28.1129
ROI075,50.8229,5.44445,-3.11823
ROI076,-38.171,16.2298,-7.17149
ROI077,-25.4095,47.7596,13.372
ROI078,3.31702,-90.1085,18.2012
ROI079,-12.4014,17.1069,8.13607
ROI080,-26.7086,-60.1843,41.2505
ROI081,-45.5417,-4.09881,6.6174
ROI082,10.5423,48.9919,7.70228
ROI083,-1.34992,-8.11713,62.3634
ROI084,25.2052,33.6171,38.3156
ROI085,-37.5684,-28.6725,48.2046
ROI086,47.6805,-9.43909,34.542
ROI087,49.1896,6.23383,11.0904
ROI088,-48.0938,-34.0678,11.5906
ROI089,33.2584,-24.2467,15.0622
ROI090,24.4947,-2.66911,-4.97514
ROI091,-1.25862,-17.0127,48.3508
ROI092,22.3421,-68.8113,33.359
ROI093,-27.1042,-44.7821,49.9714
ROI094,-50.1469,0.195938,28.2386
ROI095,-1.35074,-31.4144,-2.49867
ROI096,26.1056,48.9806,13.3406
ROI097,-21.8147,32.4191,44.693
ROI098,3.82765,-74.7462,39.1029
ROI099,-20.7087,-15.6895,62.3276
ROI100,-14.8328,-45.2997,11.4829
ROI101,15.4031,28.2386,50.5848
ROI102,-34.2182,-21.5643,2.90851
ROI103,-15.3053,29.3984,-4.3907
ROI104,-12.6692,-89.0561,14.8266
ROI105,39.5678,-57.8974,12.1075
ROI106,-9.97409,49.4418,23.5159
ROI107,-41.958,25.6043,7.61992
ROI108,-45.8334,-55.4474,11.2686
ROI109,47.0169,-27.9546,8.1886
ROI110,10.1424,35.8862,38.4718
ROI111,-1.72024,-29.7149,9.41133
ROI112,-2.87202,-59.6113,43.9424
ROI113,41.9112,28.3726,13.4355
ROI114,34.6981,-60.0231,25.9545
ROI115,1.0927,16.0466,-5.33481
ROI116,-49.1466,-23.1862,0.487557
ROI117,42.9399,-22.1642,37.8931
ROI118,-18.3266,-22.7336,-7.07835
ROI119,30.855,15.2668,45.7906
ROI120,-44.8318,-16.8771,39.256
ROI121,24.5249,46.2571,-3.42327
ROI122,33.6843,31.5585,-5.99905
ROI123,-10.1667,-30.2333,61.2803
ROI124,-5.6492,27.4418,51.7717
ROI125,-45.6139,-47.2687,24.3411
ROI126,43.811,-43.3609,19.1622
ROI127,-34.9004,30.1925,38.8208
ROI128,17.5942,-81.5946,24.4615
ROI129,-30.4195,-69.2578,29.1366
ROI130,30.4499,-81.7888,2.08856
ROI131,-23.847,41.0435,31.0113
ROI132,37.1912,0.108948,44.5465
ROI133,-21.4324,11.5711,-4.89633
ROI134,5.19787,-48.3643,55.9682
ROI135,3.13505,18.1309,37.3726
ROI136,-21.547,46.1934,-2.8626
ROI137,15.7008,31.2012,-3.98766
ROI138,-23.6454,-33.3923,6.24256
ROI139,13.6012,12.9404,3.93433
ROI140,-45.9364,-0.878197,43.295
ROI141,5.45206,-30.5914,60.7369
ROI142,18.6108,-87.6136,9.40335
ROI143,38.4433,-41.6975,6.4388
ROI144,-36.4842,-7.67284,19.8594
ROI145,-14.165,-68.9139,44.6456
ROI146,-13.3848,-48.2643,55.8672
ROI147,17.7986,16.3898,59.1252
ROI148,25.0366,15.4318,-6.51926
ROI149,-11.8139,-2.91943,-9.32399
ROI150,15.2665,-60.0843,44.7111
ROI151,-16.9124,-82.103,30.7922
ROI152,-0.148697,-7.24637,-8.41692
ROI153,-6.05609,42.533,-3.43718
ROI154,5.65271,16.545,53.6637
ROI155,12.8423,-7.48938,-8.43694
ROI156,36.8885,-8.03539,16.6301
